A
6.6667e-01	3.3333e-01	3.8088e-172	3.0555e-256	0.0000e+00
1.2444e-01	5.7680e-01	2.9876e-01	1.0046e-65	1.6746e-285
4.3590e-02	2.0879e-11	6.0575e-01	3.5066e-01	9.6447e-213
1.2521e-14	3.2612e-01	5.2794e-02	1.8227e-01	4.3882e-01
0.0000e+00	1.1780e-17	8.3333e-02	4.1667e-01	5.0000e-01
pi
2.0290e-190
1.0000e+00
0.0000e+00
0.0000e+00
0.0000e+00
B
1.0000e+00	3.7135e-14	3.4628e-61	0.0000e+00	0.0000e+00
1.5372e-08	9.1259e-01	4.6391e-23	5.7278e-50	0.0000e+00
4.8152e-104	8.7410e-02	1.0000e+00	1.2236e-01	1.3619e-43
1.0665e-97	8.4396e-44	2.9668e-15	8.7764e-01	6.2206e-09
0.0000e+00	6.2640e-36	3.3502e-52	2.0656e-21	1.0000e+00
