4.87700000e+02
4.87700000e+02
4.87700000e+02
4.87700000e+02
4.87700000e+02
4.87700000e+02
4.87700000e+02
4.87700000e+02
5.04900000e+02
5.04900000e+02
5.04900000e+02
5.04900000e+02
5.04900000e+02
5.04900000e+02
5.04900000e+02
5.04900000e+02
5.04900000e+02
5.04900000e+02
5.04900000e+02
5.04900000e+02
5.04900000e+02
5.04900000e+02
5.04900000e+02
5.04900000e+02
5.04900000e+02
5.04900000e+02
5.04900000e+02
5.04900000e+02
5.04900000e+02
5.04900000e+02
5.04900000e+02
5.04900000e+02
5.04900000e+02
5.04900000e+02
5.04900000e+02
5.04900000e+02
5.04900000e+02
5.04900000e+02
5.15700000e+02
5.15700000e+02
5.15700000e+02
5.15700000e+02
5.15700000e+02
5.15700000e+02
5.15700000e+02
5.15700000e+02
5.15700000e+02
5.15700000e+02
5.15700000e+02
5.15700000e+02
5.15700000e+02
5.15700000e+02
5.15700000e+02
5.15700000e+02
5.15700000e+02
5.15700000e+02
5.15700000e+02
5.15700000e+02
5.15700000e+02
5.15700000e+02
5.15700000e+02
5.15700000e+02
5.15700000e+02
5.15700000e+02
5.15700000e+02
5.15700000e+02
5.15700000e+02
5.15700000e+02
5.15700000e+02
4.92300000e+02
4.92300000e+02
4.92300000e+02
4.92300000e+02
4.92300000e+02
4.92300000e+02
4.92300000e+02
4.92300000e+02
4.92300000e+02
4.92300000e+02
4.92300000e+02
4.92300000e+02
4.92300000e+02
4.92300000e+02
4.92300000e+02
4.92300000e+02
4.92300000e+02
4.92300000e+02
4.92300000e+02
4.92300000e+02
4.92300000e+02
4.92300000e+02
4.92300000e+02
4.92300000e+02
4.92300000e+02
4.92300000e+02
4.92300000e+02
4.92300000e+02
4.92300000e+02
4.92300000e+02
4.92300000e+02
4.74700000e+02
4.74700000e+02
4.74700000e+02
4.74700000e+02
4.74700000e+02
4.74700000e+02
4.74700000e+02
4.74700000e+02
4.74700000e+02
4.74700000e+02
4.74700000e+02
4.74700000e+02
4.74700000e+02
4.74700000e+02
4.74700000e+02
4.74700000e+02
4.74700000e+02
4.74700000e+02
4.74700000e+02
4.74700000e+02
4.74700000e+02
4.74700000e+02
4.74700000e+02
4.74700000e+02
4.74700000e+02
4.74700000e+02
4.74700000e+02
4.74700000e+02
4.56100000e+02
4.56100000e+02
4.56100000e+02
4.56100000e+02
4.56100000e+02
4.56100000e+02
4.56100000e+02
4.56100000e+02
4.56100000e+02
4.56100000e+02
4.56100000e+02
4.56100000e+02
4.56100000e+02
4.56100000e+02
4.56100000e+02
4.56100000e+02
4.56100000e+02
4.56100000e+02
4.56100000e+02
4.56100000e+02
4.56100000e+02
4.56100000e+02
4.56100000e+02
4.56100000e+02
4.56100000e+02
4.56100000e+02
4.56100000e+02
4.56100000e+02
4.56100000e+02
4.56100000e+02
4.56100000e+02
4.37500000e+02
4.37500000e+02
4.37500000e+02
4.37500000e+02
4.37500000e+02
4.37500000e+02
4.37500000e+02
4.37500000e+02
4.37500000e+02
4.37500000e+02
4.37500000e+02
4.37500000e+02
4.37500000e+02
4.37500000e+02
4.37500000e+02
4.37500000e+02
4.37500000e+02
4.37500000e+02
4.37500000e+02
4.37500000e+02
4.37500000e+02
4.37500000e+02
4.37500000e+02
4.37500000e+02
4.37500000e+02
4.37500000e+02
4.37500000e+02
4.37500000e+02
4.37500000e+02
4.37500000e+02
4.33500000e+02
4.33500000e+02
4.33500000e+02
4.33500000e+02
4.33500000e+02
4.33500000e+02
4.33500000e+02
4.33500000e+02
4.33500000e+02
4.33500000e+02
4.33500000e+02
4.33500000e+02
4.33500000e+02
4.33500000e+02
4.33500000e+02
4.33500000e+02
4.33500000e+02
4.33500000e+02
4.33500000e+02
4.33500000e+02
4.33500000e+02
4.33500000e+02
4.33500000e+02
4.33500000e+02
4.33500000e+02
4.33500000e+02
4.33500000e+02
4.33500000e+02
4.33500000e+02
4.33500000e+02
4.33500000e+02
4.26100000e+02
4.26100000e+02
4.26100000e+02
4.26100000e+02
4.26100000e+02
4.26100000e+02
4.26100000e+02
4.26100000e+02
4.26100000e+02
4.26100000e+02
4.26100000e+02
4.26100000e+02
4.26100000e+02
4.26100000e+02
4.26100000e+02
4.26100000e+02
4.26100000e+02
4.26100000e+02
4.26100000e+02
4.26100000e+02
4.26100000e+02
4.26100000e+02
4.26100000e+02
4.26100000e+02
4.26100000e+02
4.26100000e+02
4.26100000e+02
4.26100000e+02
4.26100000e+02
4.26100000e+02
4.18100000e+02
4.18100000e+02
4.18100000e+02
4.18100000e+02
4.18100000e+02
4.18100000e+02
4.18100000e+02
4.18100000e+02
4.18100000e+02
4.18100000e+02
4.18100000e+02
4.18100000e+02
4.18100000e+02
4.18100000e+02
4.18100000e+02
4.18100000e+02
4.18100000e+02
4.18100000e+02
4.18100000e+02
4.18100000e+02
4.18100000e+02
4.18100000e+02
4.18100000e+02
4.18100000e+02
4.18100000e+02
4.18100000e+02
4.18100000e+02
4.18100000e+02
4.18100000e+02
4.18100000e+02
4.18100000e+02
4.02700000e+02
4.02700000e+02
4.02700000e+02
4.02700000e+02
4.02700000e+02
4.02700000e+02
4.02700000e+02
4.02700000e+02
4.02700000e+02
4.02700000e+02
4.02700000e+02
4.02700000e+02
4.02700000e+02
4.02700000e+02
4.02700000e+02
4.02700000e+02
4.02700000e+02
4.02700000e+02
4.02700000e+02
4.02700000e+02
4.02700000e+02
4.02700000e+02
4.02700000e+02
4.02700000e+02
4.02700000e+02
4.02700000e+02
4.02700000e+02
4.02700000e+02
4.02700000e+02
4.02700000e+02
4.02700000e+02
4.50600000e+02
4.50600000e+02
4.50600000e+02
4.50600000e+02
4.50600000e+02
4.50600000e+02
4.50600000e+02
4.50600000e+02
4.50600000e+02
4.50600000e+02
4.50600000e+02
4.50600000e+02
4.50600000e+02
4.50600000e+02
4.50600000e+02
4.50600000e+02
4.50600000e+02
4.50600000e+02
4.50600000e+02
4.50600000e+02
4.50600000e+02
4.50600000e+02
4.50600000e+02
4.50600000e+02
4.50600000e+02
4.50600000e+02
4.50600000e+02
4.50600000e+02
4.50600000e+02
4.50600000e+02
5.12200000e+02
5.12200000e+02
5.12200000e+02
5.12200000e+02
5.12200000e+02
5.12200000e+02
5.12200000e+02
5.12200000e+02
5.12200000e+02
5.12200000e+02
5.12200000e+02
5.12200000e+02
5.12200000e+02
5.12200000e+02
5.12200000e+02
5.12200000e+02
5.12200000e+02
5.12200000e+02
5.12200000e+02
5.12200000e+02
5.12200000e+02
5.12200000e+02
5.12200000e+02
5.12200000e+02
5.12200000e+02
5.12200000e+02
5.12200000e+02
5.12200000e+02
5.12200000e+02
5.12200000e+02
5.12200000e+02
5.24400000e+02
5.24400000e+02
5.24400000e+02
5.24400000e+02
5.24400000e+02
5.24400000e+02
5.24400000e+02
5.24400000e+02
5.24400000e+02
5.24400000e+02
5.24400000e+02
5.24400000e+02
5.24400000e+02
5.24400000e+02
5.24400000e+02
5.24400000e+02
5.24400000e+02
5.24400000e+02
5.24400000e+02
5.24400000e+02
5.24400000e+02
5.24400000e+02
5.24400000e+02
5.24400000e+02
5.24400000e+02
5.24400000e+02
5.24400000e+02
5.24400000e+02
5.24400000e+02
5.24400000e+02
5.23100000e+02
5.23100000e+02
5.23100000e+02
5.23100000e+02
5.23100000e+02
5.23100000e+02
5.23100000e+02
5.23100000e+02
5.23100000e+02
5.23100000e+02
5.23100000e+02
5.23100000e+02
5.23100000e+02
5.23100000e+02
5.23100000e+02
5.23100000e+02
5.23100000e+02
5.23100000e+02
5.23100000e+02
5.23100000e+02
5.23100000e+02
5.23100000e+02
5.23100000e+02
5.23100000e+02
5.23100000e+02
5.23100000e+02
5.23100000e+02
5.23100000e+02
5.23100000e+02
5.23100000e+02
5.23100000e+02
5.06800000e+02
5.06800000e+02
5.06800000e+02
5.06800000e+02
5.06800000e+02
5.06800000e+02
5.06800000e+02
5.06800000e+02
5.06800000e+02
5.06800000e+02
5.06800000e+02
5.06800000e+02
5.06800000e+02
5.06800000e+02
5.06800000e+02
5.06800000e+02
5.06800000e+02
5.06800000e+02
5.06800000e+02
5.06800000e+02
5.06800000e+02
5.06800000e+02
5.06800000e+02
5.06800000e+02
5.06800000e+02
5.06800000e+02
5.06800000e+02
5.06800000e+02
5.06800000e+02
5.06800000e+02
5.06800000e+02
4.86400000e+02
4.86400000e+02
4.86400000e+02
4.86400000e+02
4.86400000e+02
4.86400000e+02
4.86400000e+02
4.86400000e+02
4.86400000e+02
4.86400000e+02
4.86400000e+02
4.86400000e+02
4.86400000e+02
4.86400000e+02
4.86400000e+02
4.86400000e+02
4.86400000e+02
4.86400000e+02
4.86400000e+02
4.86400000e+02
4.86400000e+02
4.86400000e+02
4.86400000e+02
4.86400000e+02
4.86400000e+02
4.86400000e+02
4.86400000e+02
4.86400000e+02
4.86400000e+02
4.69400000e+02
4.69400000e+02
4.69400000e+02
4.69400000e+02
4.69400000e+02
4.69400000e+02
4.69400000e+02
4.69400000e+02
4.69400000e+02
4.69400000e+02
4.69400000e+02
4.69400000e+02
4.69400000e+02
4.69400000e+02
4.69400000e+02
4.69400000e+02
4.69400000e+02
4.69400000e+02
4.69400000e+02
4.69400000e+02
4.69400000e+02
4.69400000e+02
4.69400000e+02
4.69400000e+02
4.69400000e+02
4.69400000e+02
4.69400000e+02
4.69400000e+02
4.69400000e+02
4.69400000e+02
4.69400000e+02
4.43900000e+02
4.43900000e+02
4.43900000e+02
4.43900000e+02
4.43900000e+02
4.43900000e+02
4.43900000e+02
4.43900000e+02
4.43900000e+02
4.43900000e+02
4.43900000e+02
4.43900000e+02
4.43900000e+02
4.43900000e+02
4.43900000e+02
4.43900000e+02
4.43900000e+02
4.43900000e+02
4.43900000e+02
4.43900000e+02
4.43900000e+02
4.43900000e+02
4.43900000e+02
4.43900000e+02
4.43900000e+02
4.43900000e+02
4.43900000e+02
4.43900000e+02
4.43900000e+02
4.43900000e+02
4.27500000e+02
4.27500000e+02
4.27500000e+02
4.27500000e+02
4.27500000e+02
4.27500000e+02
4.27500000e+02
4.27500000e+02
4.27500000e+02
4.27500000e+02
4.27500000e+02
4.27500000e+02
4.27500000e+02
4.27500000e+02
4.27500000e+02
4.27500000e+02
4.27500000e+02
4.27500000e+02
4.27500000e+02
4.27500000e+02
4.27500000e+02
4.27500000e+02
4.27500000e+02
4.27500000e+02
4.27500000e+02
4.27500000e+02
4.27500000e+02
4.27500000e+02
4.27500000e+02
4.27500000e+02
4.27500000e+02
4.14700000e+02
4.14700000e+02
4.14700000e+02
4.14700000e+02
4.14700000e+02
4.14700000e+02
4.14700000e+02
4.14700000e+02
4.14700000e+02
4.14700000e+02
4.14700000e+02
4.14700000e+02
4.14700000e+02
4.14700000e+02
4.14700000e+02
4.14700000e+02
4.14700000e+02
4.14700000e+02
4.14700000e+02
4.14700000e+02
4.14700000e+02
4.14700000e+02
4.14700000e+02
4.14700000e+02
4.14700000e+02
4.14700000e+02
4.14700000e+02
4.14700000e+02
4.14700000e+02
4.14700000e+02
4.07400000e+02
4.07400000e+02
4.07400000e+02
4.07400000e+02
4.07400000e+02
4.07400000e+02
4.07400000e+02
4.07400000e+02
4.07400000e+02
4.07400000e+02
4.07400000e+02
4.07400000e+02
4.07400000e+02
4.07400000e+02
4.07400000e+02
4.07400000e+02
4.07400000e+02
4.07400000e+02
4.07400000e+02
4.07400000e+02
4.07400000e+02
4.07400000e+02
4.07400000e+02
4.07400000e+02
4.07400000e+02
4.07400000e+02
4.07400000e+02
4.07400000e+02
4.07400000e+02
4.07400000e+02
4.07400000e+02
3.94100000e+02
3.94100000e+02
3.94100000e+02
3.94100000e+02
3.94100000e+02
3.94100000e+02
3.94100000e+02
3.94100000e+02
3.94100000e+02
3.94100000e+02
3.94100000e+02
3.94100000e+02
3.94100000e+02
3.94100000e+02
3.94100000e+02
3.94100000e+02
3.94100000e+02
3.94100000e+02
3.94100000e+02
3.94100000e+02
3.94100000e+02
3.94100000e+02
3.94100000e+02
3.94100000e+02
3.94100000e+02
3.94100000e+02
3.94100000e+02
3.94100000e+02
3.94100000e+02
3.94100000e+02
3.94100000e+02
4.33500000e+02
4.33500000e+02
4.33500000e+02
4.33500000e+02
4.33500000e+02
4.33500000e+02
4.33500000e+02
4.33500000e+02
4.33500000e+02
4.33500000e+02
4.33500000e+02
4.33500000e+02
4.33500000e+02
4.33500000e+02
4.33500000e+02
4.33500000e+02
4.33500000e+02
4.33500000e+02
4.33500000e+02
4.33500000e+02
4.33500000e+02
4.33500000e+02
4.33500000e+02
4.33500000e+02
4.33500000e+02
4.33500000e+02
4.33500000e+02
4.33500000e+02
4.33500000e+02
4.33500000e+02
4.90800000e+02
4.90800000e+02
4.90800000e+02
4.90800000e+02
4.90800000e+02
4.90800000e+02
4.90800000e+02
4.90800000e+02
4.90800000e+02
4.90800000e+02
4.90800000e+02
4.90800000e+02
4.90800000e+02
4.90800000e+02
4.90800000e+02
4.90800000e+02
4.90800000e+02
4.90800000e+02
4.90800000e+02
4.90800000e+02
4.90800000e+02
4.90800000e+02
4.90800000e+02
4.90800000e+02
4.90800000e+02
4.90800000e+02
4.90800000e+02
4.90800000e+02
4.90800000e+02
4.90800000e+02
4.90800000e+02
5.08600000e+02
5.08600000e+02
5.08600000e+02
5.08600000e+02
5.08600000e+02
5.08600000e+02
5.08600000e+02
5.08600000e+02
5.08600000e+02
5.08600000e+02
5.08600000e+02
5.08600000e+02
5.08600000e+02
5.08600000e+02
5.08600000e+02
5.08600000e+02
5.08600000e+02
5.08600000e+02
5.08600000e+02
5.08600000e+02
5.08600000e+02
5.08600000e+02
5.08600000e+02
5.08600000e+02
5.08600000e+02
5.08600000e+02
5.08600000e+02
5.08600000e+02
5.08600000e+02
5.08600000e+02
5.08200000e+02
5.08200000e+02
5.08200000e+02
5.08200000e+02
5.08200000e+02
5.08200000e+02
5.08200000e+02
5.08200000e+02
5.08200000e+02
5.08200000e+02
5.08200000e+02
5.08200000e+02
5.08200000e+02
5.08200000e+02
5.08200000e+02
5.08200000e+02
5.08200000e+02
5.08200000e+02
5.08200000e+02
5.08200000e+02
5.08200000e+02
5.08200000e+02
5.08200000e+02
5.08200000e+02
5.08200000e+02
5.08200000e+02
5.08200000e+02
5.08200000e+02
5.08200000e+02
5.08200000e+02
5.08200000e+02
4.67500000e+02
4.67500000e+02
4.67500000e+02
4.67500000e+02
4.67500000e+02
4.67500000e+02
4.67500000e+02
4.67500000e+02
4.67500000e+02
4.67500000e+02
4.67500000e+02
4.67500000e+02
4.67500000e+02
4.67500000e+02
4.67500000e+02
4.67500000e+02
4.67500000e+02
4.67500000e+02
4.67500000e+02
4.67500000e+02
4.67500000e+02
4.67500000e+02
4.67500000e+02
4.67500000e+02
4.67500000e+02
4.67500000e+02
4.67500000e+02
4.67500000e+02
4.67500000e+02
4.67500000e+02
4.67500000e+02
4.34700000e+02
4.34700000e+02
4.34700000e+02
4.34700000e+02
4.34700000e+02
4.34700000e+02
4.34700000e+02
4.34700000e+02
4.34700000e+02
4.34700000e+02
4.34700000e+02
4.34700000e+02
4.34700000e+02
4.34700000e+02
4.34700000e+02
4.34700000e+02
4.34700000e+02
4.34700000e+02
4.34700000e+02
4.34700000e+02
4.34700000e+02
4.34700000e+02
4.34700000e+02
4.34700000e+02
4.34700000e+02
4.34700000e+02
4.34700000e+02
4.34700000e+02
4.16400000e+02
4.16400000e+02
4.16400000e+02
4.16400000e+02
4.16400000e+02
4.16400000e+02
4.16400000e+02
4.16400000e+02
4.16400000e+02
4.16400000e+02
4.16400000e+02
4.16400000e+02
4.16400000e+02
4.16400000e+02
4.16400000e+02
4.16400000e+02
4.16400000e+02
4.16400000e+02
4.16400000e+02
4.16400000e+02
4.16400000e+02
4.16400000e+02
4.16400000e+02
4.16400000e+02
4.16400000e+02
4.16400000e+02
4.16400000e+02
4.16400000e+02
4.16400000e+02
4.16400000e+02
4.16400000e+02
3.88900000e+02
3.88900000e+02
3.88900000e+02
