1.92770000e+03
1.92770000e+03
1.92770000e+03
1.92770000e+03
1.92770000e+03
1.92770000e+03
1.92770000e+03
1.92770000e+03
2.20580000e+03
2.20580000e+03
2.20580000e+03
2.20580000e+03
2.20580000e+03
2.20580000e+03
2.20580000e+03
2.20580000e+03
2.20580000e+03
2.20580000e+03
2.20580000e+03
2.20580000e+03
2.20580000e+03
2.20580000e+03
2.20580000e+03
2.20580000e+03
2.20580000e+03
2.20580000e+03
2.20580000e+03
2.20580000e+03
2.20580000e+03
2.20580000e+03
2.20580000e+03
2.20580000e+03
2.20580000e+03
2.20580000e+03
2.20580000e+03
2.20580000e+03
2.20580000e+03
2.20580000e+03
2.36690000e+03
2.36690000e+03
2.36690000e+03
2.36690000e+03
2.36690000e+03
2.36690000e+03
2.36690000e+03
2.36690000e+03
2.36690000e+03
2.36690000e+03
2.36690000e+03
2.36690000e+03
2.36690000e+03
2.36690000e+03
2.36690000e+03
2.36690000e+03
2.36690000e+03
2.36690000e+03
2.36690000e+03
2.36690000e+03
2.36690000e+03
2.36690000e+03
2.36690000e+03
2.36690000e+03
2.36690000e+03
2.36690000e+03
2.36690000e+03
2.36690000e+03
2.36690000e+03
2.36690000e+03
2.36690000e+03
2.43680000e+03
2.43680000e+03
2.43680000e+03
2.43680000e+03
2.43680000e+03
2.43680000e+03
2.43680000e+03
2.43680000e+03
2.43680000e+03
2.43680000e+03
2.43680000e+03
2.43680000e+03
2.43680000e+03
2.43680000e+03
2.43680000e+03
2.43680000e+03
2.43680000e+03
2.43680000e+03
2.43680000e+03
2.43680000e+03
2.43680000e+03
2.43680000e+03
2.43680000e+03
2.43680000e+03
2.43680000e+03
2.43680000e+03
2.43680000e+03
2.43680000e+03
2.43680000e+03
2.43680000e+03
2.43680000e+03
1.46560000e+03
1.46560000e+03
1.46560000e+03
1.46560000e+03
1.46560000e+03
1.46560000e+03
1.46560000e+03
1.46560000e+03
1.46560000e+03
1.46560000e+03
1.46560000e+03
1.46560000e+03
1.46560000e+03
1.46560000e+03
1.46560000e+03
1.46560000e+03
1.46560000e+03
1.46560000e+03
1.46560000e+03
1.46560000e+03
1.46560000e+03
1.46560000e+03
1.46560000e+03
1.46560000e+03
1.46560000e+03
1.46560000e+03
1.46560000e+03
1.46560000e+03
1.57480000e+03
1.57480000e+03
1.57480000e+03
1.57480000e+03
1.57480000e+03
1.57480000e+03
1.57480000e+03
1.57480000e+03
1.57480000e+03
1.57480000e+03
1.57480000e+03
1.57480000e+03
1.57480000e+03
1.57480000e+03
1.57480000e+03
1.57480000e+03
1.57480000e+03
1.57480000e+03
1.57480000e+03
1.57480000e+03
1.57480000e+03
1.57480000e+03
1.57480000e+03
1.57480000e+03
1.57480000e+03
1.57480000e+03
1.57480000e+03
1.57480000e+03
1.57480000e+03
1.57480000e+03
1.57480000e+03
1.61710000e+03
1.61710000e+03
1.61710000e+03
1.61710000e+03
1.61710000e+03
1.61710000e+03
1.61710000e+03
1.61710000e+03
1.61710000e+03
1.61710000e+03
1.61710000e+03
1.61710000e+03
1.61710000e+03
1.61710000e+03
1.61710000e+03
1.61710000e+03
1.61710000e+03
1.61710000e+03
1.61710000e+03
1.61710000e+03
1.61710000e+03
1.61710000e+03
1.61710000e+03
1.61710000e+03
1.61710000e+03
1.61710000e+03
1.61710000e+03
1.61710000e+03
1.61710000e+03
1.61710000e+03
1.49590000e+03
1.49590000e+03
1.49590000e+03
1.49590000e+03
1.49590000e+03
1.49590000e+03
1.49590000e+03
1.49590000e+03
1.49590000e+03
1.49590000e+03
1.49590000e+03
1.49590000e+03
1.49590000e+03
1.49590000e+03
1.49590000e+03
1.49590000e+03
1.49590000e+03
1.49590000e+03
1.49590000e+03
1.49590000e+03
1.49590000e+03
1.49590000e+03
1.49590000e+03
1.49590000e+03
1.49590000e+03
1.49590000e+03
1.49590000e+03
1.49590000e+03
1.49590000e+03
1.49590000e+03
1.49590000e+03
1.81130000e+03
1.81130000e+03
1.81130000e+03
1.81130000e+03
1.81130000e+03
1.81130000e+03
1.81130000e+03
1.81130000e+03
1.81130000e+03
1.81130000e+03
1.81130000e+03
1.81130000e+03
1.81130000e+03
1.81130000e+03
1.81130000e+03
1.81130000e+03
1.81130000e+03
1.81130000e+03
1.81130000e+03
1.81130000e+03
1.81130000e+03
1.81130000e+03
1.81130000e+03
1.81130000e+03
1.81130000e+03
1.81130000e+03
1.81130000e+03
1.81130000e+03
1.81130000e+03
1.81130000e+03
1.91550000e+03
1.91550000e+03
1.91550000e+03
1.91550000e+03
1.91550000e+03
1.91550000e+03
1.91550000e+03
1.91550000e+03
1.91550000e+03
1.91550000e+03
1.91550000e+03
1.91550000e+03
1.91550000e+03
1.91550000e+03
1.91550000e+03
1.91550000e+03
1.91550000e+03
1.91550000e+03
1.91550000e+03
1.91550000e+03
1.91550000e+03
1.91550000e+03
1.91550000e+03
1.91550000e+03
1.91550000e+03
1.91550000e+03
1.91550000e+03
1.91550000e+03
1.91550000e+03
1.91550000e+03
1.91550000e+03
1.96380000e+03
1.96380000e+03
1.96380000e+03
1.96380000e+03
1.96380000e+03
1.96380000e+03
1.96380000e+03
1.96380000e+03
1.96380000e+03
1.96380000e+03
1.96380000e+03
1.96380000e+03
1.96380000e+03
1.96380000e+03
1.96380000e+03
1.96380000e+03
1.96380000e+03
1.96380000e+03
1.96380000e+03
1.96380000e+03
1.96380000e+03
1.96380000e+03
1.96380000e+03
1.96380000e+03
1.96380000e+03
1.96380000e+03
1.96380000e+03
1.96380000e+03
1.96380000e+03
1.96380000e+03
1.96380000e+03
2.00420000e+03
2.00420000e+03
2.00420000e+03
2.00420000e+03
2.00420000e+03
2.00420000e+03
2.00420000e+03
2.00420000e+03
2.00420000e+03
2.00420000e+03
2.00420000e+03
2.00420000e+03
2.00420000e+03
2.00420000e+03
2.00420000e+03
2.00420000e+03
2.00420000e+03
2.00420000e+03
2.00420000e+03
2.00420000e+03
2.00420000e+03
2.00420000e+03
2.00420000e+03
2.00420000e+03
2.00420000e+03
2.00420000e+03
2.00420000e+03
2.00420000e+03
2.00420000e+03
2.00420000e+03
1.90810000e+03
1.90810000e+03
1.90810000e+03
1.90810000e+03
1.90810000e+03
1.90810000e+03
1.90810000e+03
1.90810000e+03
1.90810000e+03
1.90810000e+03
1.90810000e+03
1.90810000e+03
1.90810000e+03
1.90810000e+03
1.90810000e+03
1.90810000e+03
1.90810000e+03
1.90810000e+03
1.90810000e+03
1.90810000e+03
1.90810000e+03
1.90810000e+03
1.90810000e+03
1.90810000e+03
1.90810000e+03
1.90810000e+03
1.90810000e+03
1.90810000e+03
1.90810000e+03
1.90810000e+03
1.90810000e+03
1.97080000e+03
1.97080000e+03
1.97080000e+03
1.97080000e+03
1.97080000e+03
1.97080000e+03
1.97080000e+03
1.97080000e+03
1.97080000e+03
1.97080000e+03
1.97080000e+03
1.97080000e+03
1.97080000e+03
1.97080000e+03
1.97080000e+03
1.97080000e+03
1.97080000e+03
1.97080000e+03
1.97080000e+03
1.97080000e+03
1.97080000e+03
1.97080000e+03
1.97080000e+03
1.97080000e+03
1.97080000e+03
1.97080000e+03
1.97080000e+03
1.97080000e+03
1.97080000e+03
1.97080000e+03
2.01090000e+03
2.01090000e+03
2.01090000e+03
2.01090000e+03
2.01090000e+03
2.01090000e+03
2.01090000e+03
2.01090000e+03
2.01090000e+03
2.01090000e+03
2.01090000e+03
2.01090000e+03
2.01090000e+03
2.01090000e+03
2.01090000e+03
2.01090000e+03
2.01090000e+03
2.01090000e+03
2.01090000e+03
2.01090000e+03
2.01090000e+03
2.01090000e+03
2.01090000e+03
2.01090000e+03
2.01090000e+03
2.01090000e+03
2.01090000e+03
2.01090000e+03
2.01090000e+03
2.01090000e+03
2.01090000e+03
1.88082000e+03
1.88082000e+03
1.88082000e+03
1.88082000e+03
1.88082000e+03
1.88082000e+03
1.88082000e+03
1.88082000e+03
1.88082000e+03
1.88082000e+03
1.88082000e+03
1.88082000e+03
1.88082000e+03
1.88082000e+03
1.88082000e+03
1.88082000e+03
1.88082000e+03
1.88082000e+03
1.88082000e+03
1.88082000e+03
1.88082000e+03
1.88082000e+03
1.88082000e+03
1.88082000e+03
1.88082000e+03
1.88082000e+03
1.88082000e+03
1.88082000e+03
1.88082000e+03
1.88082000e+03
1.88082000e+03
2.09252000e+03
2.09252000e+03
2.09252000e+03
2.09252000e+03
2.09252000e+03
2.09252000e+03
2.09252000e+03
2.09252000e+03
2.09252000e+03
2.09252000e+03
2.09252000e+03
2.09252000e+03
2.09252000e+03
2.09252000e+03
2.09252000e+03
2.09252000e+03
2.09252000e+03
2.09252000e+03
2.09252000e+03
2.09252000e+03
2.09252000e+03
2.09252000e+03
2.09252000e+03
2.09252000e+03
2.09252000e+03
2.09252000e+03
2.09252000e+03
2.09252000e+03
2.09252000e+03
2.01342000e+03
2.01342000e+03
2.01342000e+03
2.01342000e+03
2.01342000e+03
2.01342000e+03
2.01342000e+03
2.01342000e+03
2.01342000e+03
2.01342000e+03
2.01342000e+03
2.01342000e+03
2.01342000e+03
2.01342000e+03
2.01342000e+03
2.01342000e+03
2.01342000e+03
2.01342000e+03
2.01342000e+03
2.01342000e+03
2.01342000e+03
2.01342000e+03
2.01342000e+03
2.01342000e+03
2.01342000e+03
2.01342000e+03
2.01342000e+03
2.01342000e+03
2.01342000e+03
2.01342000e+03
2.01342000e+03
1.94902000e+03
1.94902000e+03
1.94902000e+03
1.94902000e+03
1.94902000e+03
1.94902000e+03
1.94902000e+03
1.94902000e+03
1.94902000e+03
1.94902000e+03
1.94902000e+03
1.94902000e+03
1.94902000e+03
1.94902000e+03
1.94902000e+03
1.94902000e+03
1.94902000e+03
1.94902000e+03
1.94902000e+03
1.94902000e+03
1.94902000e+03
1.94902000e+03
1.94902000e+03
1.94902000e+03
1.94902000e+03
1.94902000e+03
1.94902000e+03
1.94902000e+03
1.94902000e+03
1.94902000e+03
1.84912000e+03
1.84912000e+03
1.84912000e+03
1.84912000e+03
1.84912000e+03
1.84912000e+03
1.84912000e+03
1.84912000e+03
1.84912000e+03
1.84912000e+03
1.84912000e+03
1.84912000e+03
1.84912000e+03
1.84912000e+03
1.84912000e+03
1.84912000e+03
1.84912000e+03
1.84912000e+03
1.84912000e+03
1.84912000e+03
1.84912000e+03
1.84912000e+03
1.84912000e+03
1.84912000e+03
1.84912000e+03
1.84912000e+03
1.84912000e+03
1.84912000e+03
1.84912000e+03
1.84912000e+03
1.84912000e+03
1.86652000e+03
1.86652000e+03
1.86652000e+03
1.86652000e+03
1.86652000e+03
1.86652000e+03
1.86652000e+03
1.86652000e+03
1.86652000e+03
1.86652000e+03
1.86652000e+03
1.86652000e+03
1.86652000e+03
1.86652000e+03
1.86652000e+03
1.86652000e+03
1.86652000e+03
1.86652000e+03
1.86652000e+03
1.86652000e+03
1.86652000e+03
1.86652000e+03
1.86652000e+03
1.86652000e+03
1.86652000e+03
1.86652000e+03
1.86652000e+03
1.86652000e+03
1.86652000e+03
1.86652000e+03
1.96762000e+03
1.96762000e+03
1.96762000e+03
1.96762000e+03
1.96762000e+03
1.96762000e+03
1.96762000e+03
1.96762000e+03
1.96762000e+03
1.96762000e+03
1.96762000e+03
1.96762000e+03
1.96762000e+03
1.96762000e+03
1.96762000e+03
1.96762000e+03
1.96762000e+03
1.96762000e+03
1.96762000e+03
1.96762000e+03
1.96762000e+03
1.96762000e+03
1.96762000e+03
1.96762000e+03
1.96762000e+03
1.96762000e+03
1.96762000e+03
1.96762000e+03
1.96762000e+03
1.96762000e+03
1.96762000e+03
2.04622000e+03
2.04622000e+03
2.04622000e+03
2.04622000e+03
2.04622000e+03
2.04622000e+03
2.04622000e+03
2.04622000e+03
2.04622000e+03
2.04622000e+03
2.04622000e+03
2.04622000e+03
2.04622000e+03
2.04622000e+03
2.04622000e+03
2.04622000e+03
2.04622000e+03
2.04622000e+03
2.04622000e+03
2.04622000e+03
2.04622000e+03
2.04622000e+03
2.04622000e+03
2.04622000e+03
2.04622000e+03
2.04622000e+03
2.04622000e+03
2.04622000e+03
2.04622000e+03
2.04622000e+03
2.04622000e+03
1.90232000e+03
1.90232000e+03
1.90232000e+03
1.90232000e+03
1.90232000e+03
1.90232000e+03
1.90232000e+03
1.90232000e+03
1.90232000e+03
1.90232000e+03
1.90232000e+03
1.90232000e+03
1.90232000e+03
1.90232000e+03
1.90232000e+03
1.90232000e+03
1.90232000e+03
1.90232000e+03
1.90232000e+03
1.90232000e+03
1.90232000e+03
1.90232000e+03
1.90232000e+03
1.90232000e+03
1.90232000e+03
1.90232000e+03
1.90232000e+03
1.90232000e+03
1.90232000e+03
1.90232000e+03
1.97852000e+03
1.97852000e+03
1.97852000e+03
1.97852000e+03
1.97852000e+03
1.97852000e+03
1.97852000e+03
1.97852000e+03
1.97852000e+03
1.97852000e+03
1.97852000e+03
1.97852000e+03
1.97852000e+03
1.97852000e+03
1.97852000e+03
1.97852000e+03
1.97852000e+03
1.97852000e+03
1.97852000e+03
1.97852000e+03
1.97852000e+03
1.97852000e+03
1.97852000e+03
1.97852000e+03
1.97852000e+03
1.97852000e+03
1.97852000e+03
1.97852000e+03
1.97852000e+03
1.97852000e+03
1.97852000e+03
1.96202000e+03
1.96202000e+03
1.96202000e+03
1.96202000e+03
1.96202000e+03
1.96202000e+03
1.96202000e+03
1.96202000e+03
1.96202000e+03
1.96202000e+03
1.96202000e+03
1.96202000e+03
1.96202000e+03
1.96202000e+03
1.96202000e+03
1.96202000e+03
1.96202000e+03
1.96202000e+03
1.96202000e+03
1.96202000e+03
1.96202000e+03
1.96202000e+03
1.96202000e+03
1.96202000e+03
1.96202000e+03
1.96202000e+03
1.96202000e+03
1.96202000e+03
1.96202000e+03
1.96202000e+03
2.00402000e+03
2.00402000e+03
2.00402000e+03
2.00402000e+03
2.00402000e+03
2.00402000e+03
2.00402000e+03
2.00402000e+03
2.00402000e+03
2.00402000e+03
2.00402000e+03
2.00402000e+03
2.00402000e+03
2.00402000e+03
2.00402000e+03
2.00402000e+03
2.00402000e+03
2.00402000e+03
2.00402000e+03
2.00402000e+03
2.00402000e+03
2.00402000e+03
2.00402000e+03
2.00402000e+03
2.00402000e+03
2.00402000e+03
2.00402000e+03
2.00402000e+03
2.00402000e+03
2.00402000e+03
2.00402000e+03
1.79100000e+03
1.79100000e+03
1.79100000e+03
1.79100000e+03
1.79100000e+03
1.79100000e+03
1.79100000e+03
1.79100000e+03
1.79100000e+03
1.79100000e+03
1.79100000e+03
1.79100000e+03
1.79100000e+03
1.79100000e+03
1.79100000e+03
1.79100000e+03
1.79100000e+03
1.79100000e+03
1.79100000e+03
1.79100000e+03
1.79100000e+03
1.79100000e+03
1.79100000e+03
1.79100000e+03
1.79100000e+03
1.79100000e+03
1.79100000e+03
1.79100000e+03
1.79100000e+03
1.79100000e+03
1.79100000e+03
1.90760000e+03
1.90760000e+03
1.90760000e+03
1.90760000e+03
1.90760000e+03
1.90760000e+03
1.90760000e+03
1.90760000e+03
1.90760000e+03
1.90760000e+03
1.90760000e+03
1.90760000e+03
1.90760000e+03
1.90760000e+03
1.90760000e+03
1.90760000e+03
1.90760000e+03
1.90760000e+03
1.90760000e+03
1.90760000e+03
1.90760000e+03
1.90760000e+03
1.90760000e+03
1.90760000e+03
1.90760000e+03
1.90760000e+03
1.90760000e+03
1.90760000e+03
1.99530000e+03
1.99530000e+03
1.99530000e+03
1.99530000e+03
1.99530000e+03
1.99530000e+03
1.99530000e+03
1.99530000e+03
1.99530000e+03
1.99530000e+03
1.99530000e+03
1.99530000e+03
1.99530000e+03
1.99530000e+03
1.99530000e+03
1.99530000e+03
1.99530000e+03
1.99530000e+03
1.99530000e+03
1.99530000e+03
1.99530000e+03
1.99530000e+03
1.99530000e+03
1.99530000e+03
1.99530000e+03
1.99530000e+03
1.99530000e+03
1.99530000e+03
1.99530000e+03
1.99530000e+03
1.99530000e+03
2.06980000e+03
2.06980000e+03
2.06980000e+03
