26.93
26.97
26.98
26.98
26.99
26.99
27.05
27.08
27.10
27.11
27.13
27.15
27.16
27.08
27.02
27.02
27.02
27.03
27.02
27.00
27.00
26.92
26.95
26.95
26.96
27.03
27.02
27.00
27.05
27.12
27.12
27.13
27.15
27.17
27.10
27.04
27.03
27.03
27.03
27.05
27.14
27.23
27.28
27.30
27.30
27.30
27.32
27.30
27.37
27.48
27.50
27.50
27.50
27.53
27.50
27.55
27.63
27.65
27.63
27.60
27.65
27.65
27.55
27.70
27.82
27.84
27.90
27.90
27.95
28.05
28.02
28.07
28.15
28.20
28.23
28.20
28.20
28.62
28.70
28.76
28.90
28.75
28.20
28.00
27.95
28.00
28.00
28.00
27.80
27.80
27.88
27.99
28.00
28.05
27.89
27.80
27.63
27.35
27.26
27.25
27.25
27.23
27.20
27.20
27.50
27.45
27.11
27.10
27.10
27.10
27.07
27.00
26.97
26.97
26.98
27.00
26.86
27.00
27.03
27.05
27.07
27.06
27.07
27.07
27.07
27.05
27.05
27.10
27.10
27.10
27.13
27.05
27.00
27.03
27.15
27.13
27.00
27.18
27.45
27.30
27.15
26.98
26.80
26.75
26.57
26.50
26.47
26.35
26.30
26.29
26.30
26.26
26.25
26.21
26.10
26.09
26.09
26.09
26.10
26.12
26.08
26.10
26.11
26.11
26.12
26.15
26.12
26.07
26.12
26.15
26.16
26.16
26.18
26.17
26.15
26.15
26.14
26.14
26.14
26.14
26.15
26.10
26.11
26.14
26.15
26.15
26.15
26.20
26.07
26.12
26.20
26.20
26.20
26.15
26.13
25.79
25.73
25.83
25.85
25.90
26.15
26.35
26.45
26.60
26.62
26.62
26.60
26.65
26.70
26.75
26.60
26.45
26.45
26.45
26.45
26.20
25.95
26.02
26.16
26.20
26.25
26.19
26.20
26.18
26.20
26.30
26.30
26.25
26.00
25.90
25.90
25.57
25.48
25.44
25.37
25.17
25.13
25.12
25.09
25.10
25.09
25.07
25.09
25.15
25.07
25.05
25.05
25.05
25.03
25.07
25.12
25.08
24.97
24.97
24.97
25.05
25.11
24.85
24.80
24.77
24.78
24.78
24.78
24.77
24.76
24.77
24.78
24.78
24.77
24.75
24.74
24.73
24.72
24.73
24.74
24.72
24.70
24.74
24.78
24.80
24.80
24.83
24.83
24.82
24.82
24.84
24.87
24.90
24.92
24.92
24.92
24.95
24.97
24.95
24.95
24.98
25.00
25.03
25.00
24.86
24.87
24.94
25.00
25.01
25.04
25.08
25.09
25.08
25.10
25.12
25.13
25.14
25.10
25.09
25.13
25.17
25.20
25.22
25.22
25.20
25.18
25.23
25.27
25.30
25.26
25.24
25.24
25.20
25.18
25.20
25.22
25.25
25.20
25.15
25.14
25.12
25.15
25.19
25.15
25.15
25.03
24.95
25.12
25.20
25.25
25.24
25.20
25.25
25.36
25.45
25.53
25.60
25.62
25.65
25.70
25.68
25.80
25.59
25.45
25.45
25.45
25.60
25.80
25.95
26.00
26.05
26.05
26.10
26.17
26.26
26.30
26.30
26.33
26.35
26.42
26.45
26.42
26.43
26.50
26.58
26.57
26.55
26.65
26.83
26.85
26.68
26.50
26.45
26.45
26.45
26.73
26.75
26.75
26.75
26.73
26.78
26.88
27.15
27.18
27.25
27.30
27.33
27.33
27.40
27.35
27.35
27.25
27.20
27.20
27.20
27.30
27.45
27.40
27.24
27.15
27.15
27.10
27.05
26.78
26.75
26.75
26.75
26.72
26.75
26.65
26.63
26.55
26.55
26.60
26.60
26.70
26.65
26.55
26.68
26.70
26.50
26.70
27.00
26.75
27.10
27.40
26.90
26.55
26.45
26.35
26.30
25.95
25.75
25.70
25.75
25.80
25.85
25.85
25.85
25.80
25.75
25.74
25.75
25.80
25.73
25.70
25.50
25.25
25.18
25.12
25.07
25.02
25.05
25.10
25.10
25.08
25.08
25.05
25.00
25.00
25.00
25.00
25.00
25.00
25.10
25.05
24.92
24.90
24.96
25.00
25.00
25.00
24.90
24.90
25.20
25.30
25.40
25.52
25.67
25.87
25.70
25.45
25.28
25.15
25.15
25.15
25.15
25.08
25.03
24.80
24.80
24.85
24.90
24.65
24.48
24.45
24.40
24.40
24.39
24.35
24.42
24.45
24.29
24.25
24.25
24.30
24.38
24.25
24.15
24.10
24.10
24.40
24.40
24.11
23.95
24.15
23.85
23.30
23.25
23.25
23.20
23.30
23.30
23.20
22.95
22.85
22.80
22.75
22.68
22.55
22.50
22.53
22.60
22.62
22.65
22.50
22.45
22.60
22.73
22.77
22.79
22.75
22.75
22.80
22.83
22.88
22.90
22.90
22.88
22.87
22.92
23.00
23.05
23.05
23.03
22.97
23.00
23.15
23.20
23.24
23.30
23.30
23.30
23.35
23.36
23.40
23.33
23.35
23.35
23.30
23.48
23.75
23.50
23.35
23.35
23.37
23.40
23.40
23.30
23.20
23.10
23.10
23.20
23.20
23.05
22.95
22.90
22.90
22.95
22.95
23.00
23.05
23.05
23.00
22.95
23.00
23.00
22.90
23.05
23.20
23.34
23.35
23.55
23.75
23.85
23.90
23.85
23.60
24.05
24.40
24.50
24.65
24.70
24.60
24.30
24.10
24.00
24.00
24.00
23.80
24.00
23.25
23.05
23.10
23.10
22.80
22.70
22.30
22.20
22.38
22.35
22.20
22.06
22.00
21.95
22.05
22.10
22.10
22.10
22.00
21.95
22.20
22.50
22.15
21.95
21.90
21.65
21.45
21.38
21.35
21.35
21.40
21.35
21.30
21.20
21.40
21.60
21.63
21.65
21.65
21.65
21.80
21.90
21.95
22.00
22.00
22.00
22.00
22.00
22.00
22.15
22.20
22.00
22.00
22.00
22.00
22.40
22.60
22.65
22.70
22.75
22.65
22.60
22.68
22.70
22.80
22.80
22.90
22.90
22.80
22.70
23.05
23.30
23.40
23.40
23.20
23.35
23.85
24.00
23.20
23.00
22.90
22.60
23.80
24.50
24.70
24.70
24.75
24.70
24.70
24.75
24.75
24.90
25.10
25.20
25.20
25.20
25.15
25.30
25.80
26.08
26.10
26.10
26.20
26.30
26.25
26.15
26.10
26.20
26.03
26.30
27.00
27.00
25.30
25.20
25.30
25.40
25.40
25.40
25.32
26.20
26.80
26.90
27.00
28.00
26.50
25.20
25.50
27.50
28.50
30.00
31.80
33.00
37.00
36.00
32.25
31.60
30.00
29.78
27.40
27.12
26.00
25.20
25.10
25.20
25.30
26.00
25.60
24.90
24.50
24.35
24.50
24.00
23.00
22.00
21.00
20.75
20.71
20.70
20.65
20.75
20.80
20.55
20.45
20.40
20.35
20.50
20.80
20.70
20.50
20.20
20.19
20.10
20.20
19.79
19.30
19.17
19.20
19.20
19.20
19.20
19.20
19.10
19.10
19.00
19.12
19.20
19.30
19.50
19.10
19.00
19.00
19.10
19.15
18.90
18.80
18.80
19.00
19.30
19.50
19.50
19.50
20.00
22.00
20.40
18.79
18.45
18.35
18.30
18.25
17.40
17.10
17.00
17.00
17.00
17.00
17.00
16.65
16.40
16.35
16.38
16.38
16.37
16.15
16.10
16.07
16.10
16.10
16.14
16.00
16.00
16.10
16.30
16.40
16.40
16.30
16.30
16.40
16.90
16.25
15.65
15.55
15.50
15.50
14.90
14.40
14.20
14.17
14.20
14.16
14.10
14.05
14.15
14.25
14.37
14.37
14.35
14.35