1.25869300e+04
1.25869300e+04
1.25869300e+04
1.25869300e+04
1.25869300e+04
1.25869300e+04
1.25869300e+04
1.25869300e+04
9.96608000e+03
9.96608000e+03
9.96608000e+03
9.96608000e+03
9.96608000e+03
9.96608000e+03
9.96608000e+03
9.96608000e+03
9.96608000e+03
9.96608000e+03
9.96608000e+03
9.96608000e+03
9.96608000e+03
9.96608000e+03
9.96608000e+03
9.96608000e+03
9.96608000e+03
9.96608000e+03
9.96608000e+03
9.96608000e+03
9.96608000e+03
9.96608000e+03
9.96608000e+03
9.96608000e+03
9.96608000e+03
9.96608000e+03
9.96608000e+03
9.96608000e+03
9.96608000e+03
9.96608000e+03
7.53333000e+03
7.53333000e+03
7.53333000e+03
7.53333000e+03
7.53333000e+03
7.53333000e+03
7.53333000e+03
7.53333000e+03
7.53333000e+03
7.53333000e+03
7.53333000e+03
7.53333000e+03
7.53333000e+03
7.53333000e+03
7.53333000e+03
7.53333000e+03
7.53333000e+03
7.53333000e+03
7.53333000e+03
7.53333000e+03
7.53333000e+03
7.53333000e+03
7.53333000e+03
7.53333000e+03
7.53333000e+03
7.53333000e+03
7.53333000e+03
7.53333000e+03
7.53333000e+03
7.53333000e+03
7.53333000e+03
6.41966000e+03
6.41966000e+03
6.41966000e+03
6.41966000e+03
6.41966000e+03
6.41966000e+03
6.41966000e+03
6.41966000e+03
6.41966000e+03
6.41966000e+03
6.41966000e+03
6.41966000e+03
6.41966000e+03
6.41966000e+03
6.41966000e+03
6.41966000e+03
6.41966000e+03
6.41966000e+03
6.41966000e+03
6.41966000e+03
6.41966000e+03
6.41966000e+03
6.41966000e+03
6.41966000e+03
6.41966000e+03
6.41966000e+03
6.41966000e+03
6.41966000e+03
6.41966000e+03
6.41966000e+03
6.41966000e+03
5.62531000e+03
5.62531000e+03
5.62531000e+03
5.62531000e+03
5.62531000e+03
5.62531000e+03
5.62531000e+03
5.62531000e+03
5.62531000e+03
5.62531000e+03
5.62531000e+03
5.62531000e+03
5.62531000e+03
5.62531000e+03
5.62531000e+03
5.62531000e+03
5.62531000e+03
5.62531000e+03
5.62531000e+03
5.62531000e+03
5.62531000e+03
5.62531000e+03
5.62531000e+03
5.62531000e+03
5.62531000e+03
5.62531000e+03
5.62531000e+03
5.62531000e+03
9.96992000e+03
9.96992000e+03
9.96992000e+03
9.96992000e+03
9.96992000e+03
9.96992000e+03
9.96992000e+03
9.96992000e+03
9.96992000e+03
9.96992000e+03
9.96992000e+03
9.96992000e+03
9.96992000e+03
9.96992000e+03
9.96992000e+03
9.96992000e+03
9.96992000e+03
9.96992000e+03
9.96992000e+03
9.96992000e+03
9.96992000e+03
9.96992000e+03
9.96992000e+03
9.96992000e+03
9.96992000e+03
9.96992000e+03
9.96992000e+03
9.96992000e+03
9.96992000e+03
9.96992000e+03
9.96992000e+03
9.63098000e+03
9.63098000e+03
9.63098000e+03
9.63098000e+03
9.63098000e+03
9.63098000e+03
9.63098000e+03
9.63098000e+03
9.63098000e+03
9.63098000e+03
9.63098000e+03
9.63098000e+03
9.63098000e+03
9.63098000e+03
9.63098000e+03
9.63098000e+03
9.63098000e+03
9.63098000e+03
9.63098000e+03
9.63098000e+03
9.63098000e+03
9.63098000e+03
9.63098000e+03
9.63098000e+03
9.63098000e+03
9.63098000e+03
9.63098000e+03
9.63098000e+03
9.63098000e+03
9.63098000e+03
9.91809000e+03
9.91809000e+03
9.91809000e+03
9.91809000e+03
9.91809000e+03
9.91809000e+03
9.91809000e+03
9.91809000e+03
9.91809000e+03
9.91809000e+03
9.91809000e+03
9.91809000e+03
9.91809000e+03
9.91809000e+03
9.91809000e+03
9.91809000e+03
9.91809000e+03
9.91809000e+03
9.91809000e+03
9.91809000e+03
9.91809000e+03
9.91809000e+03
9.91809000e+03
9.91809000e+03
9.91809000e+03
9.91809000e+03
9.91809000e+03
9.91809000e+03
9.91809000e+03
9.91809000e+03
9.91809000e+03
1.02637000e+04
1.02637000e+04
1.02637000e+04
1.02637000e+04
1.02637000e+04
1.02637000e+04
1.02637000e+04
1.02637000e+04
1.02637000e+04
1.02637000e+04
1.02637000e+04
1.02637000e+04
1.02637000e+04
1.02637000e+04
1.02637000e+04
1.02637000e+04
1.02637000e+04
1.02637000e+04
1.02637000e+04
1.02637000e+04
1.02637000e+04
1.02637000e+04
1.02637000e+04
1.02637000e+04
1.02637000e+04
1.02637000e+04
1.02637000e+04
1.02637000e+04
1.02637000e+04
1.02637000e+04
1.03753900e+04
1.03753900e+04
1.03753900e+04
1.03753900e+04
1.03753900e+04
1.03753900e+04
1.03753900e+04
1.03753900e+04
1.03753900e+04
1.03753900e+04
1.03753900e+04
1.03753900e+04
1.03753900e+04
1.03753900e+04
1.03753900e+04
1.03753900e+04
1.03753900e+04
1.03753900e+04
1.03753900e+04
1.03753900e+04
1.03753900e+04
1.03753900e+04
1.03753900e+04
1.03753900e+04
1.03753900e+04
1.03753900e+04
1.03753900e+04
1.03753900e+04
1.03753900e+04
1.03753900e+04
1.03753900e+04
1.26166700e+04
1.26166700e+04
1.26166700e+04
1.26166700e+04
1.26166700e+04
1.26166700e+04
1.26166700e+04
1.26166700e+04
1.26166700e+04
1.26166700e+04
1.26166700e+04
1.26166700e+04
1.26166700e+04
1.26166700e+04
1.26166700e+04
1.26166700e+04
1.26166700e+04
1.26166700e+04
1.26166700e+04
1.26166700e+04
1.26166700e+04
1.26166700e+04
1.26166700e+04
1.26166700e+04
1.26166700e+04
1.26166700e+04
1.26166700e+04
1.26166700e+04
1.26166700e+04
1.26166700e+04
1.26166700e+04
1.27735500e+04
1.27735500e+04
1.27735500e+04
1.27735500e+04
1.27735500e+04
1.27735500e+04
1.27735500e+04
1.27735500e+04
1.27735500e+04
1.27735500e+04
1.27735500e+04
1.27735500e+04
1.27735500e+04
1.27735500e+04
1.27735500e+04
1.27735500e+04
1.27735500e+04
1.27735500e+04
1.27735500e+04
1.27735500e+04
1.27735500e+04
1.27735500e+04
1.27735500e+04
1.27735500e+04
1.27735500e+04
1.27735500e+04
1.27735500e+04
1.27735500e+04
1.27735500e+04
1.27735500e+04
1.29620300e+04
1.29620300e+04
1.29620300e+04
1.29620300e+04
1.29620300e+04
1.29620300e+04
1.29620300e+04
1.29620300e+04
1.29620300e+04
1.29620300e+04
1.29620300e+04
1.29620300e+04
1.29620300e+04
1.29620300e+04
1.29620300e+04
1.29620300e+04
1.29620300e+04
1.29620300e+04
1.29620300e+04
1.29620300e+04
1.29620300e+04
1.29620300e+04
1.29620300e+04
1.29620300e+04
1.29620300e+04
1.29620300e+04
1.29620300e+04
1.29620300e+04
1.29620300e+04
1.29620300e+04
1.29620300e+04
1.31479600e+04
1.31479600e+04
1.31479600e+04
1.31479600e+04
1.31479600e+04
1.31479600e+04
1.31479600e+04
1.31479600e+04
1.31479600e+04
1.31479600e+04
1.31479600e+04
1.31479600e+04
1.31479600e+04
1.31479600e+04
1.31479600e+04
1.31479600e+04
1.31479600e+04
1.31479600e+04
1.31479600e+04
1.31479600e+04
1.31479600e+04
1.31479600e+04
1.31479600e+04
1.31479600e+04
1.31479600e+04
1.31479600e+04
1.31479600e+04
1.31479600e+04
1.31479600e+04
1.31479600e+04
1.32999900e+04
1.32999900e+04
1.32999900e+04
1.32999900e+04
1.32999900e+04
1.32999900e+04
1.32999900e+04
1.32999900e+04
1.32999900e+04
1.32999900e+04
1.32999900e+04
1.32999900e+04
1.32999900e+04
1.32999900e+04
1.32999900e+04
1.32999900e+04
1.32999900e+04
1.32999900e+04
1.32999900e+04
1.32999900e+04
1.32999900e+04
1.32999900e+04
1.32999900e+04
1.32999900e+04
1.32999900e+04
1.32999900e+04
1.32999900e+04
1.32999900e+04
1.32999900e+04
1.32999900e+04
1.32999900e+04
1.34415900e+04
1.34415900e+04
1.34415900e+04
1.34415900e+04
1.34415900e+04
1.34415900e+04
1.34415900e+04
1.34415900e+04
1.34415900e+04
1.34415900e+04
1.34415900e+04
1.34415900e+04
1.34415900e+04
1.34415900e+04
1.34415900e+04
1.34415900e+04
1.34415900e+04
1.34415900e+04
1.34415900e+04
1.34415900e+04
1.34415900e+04
1.34415900e+04
1.34415900e+04
1.34415900e+04
1.34415900e+04
1.34415900e+04
1.34415900e+04
1.34415900e+04
1.34415900e+04
1.34415900e+04
1.34415900e+04
1.34895000e+04
1.34895000e+04
1.34895000e+04
1.34895000e+04
1.34895000e+04
1.34895000e+04
1.34895000e+04
1.34895000e+04
1.34895000e+04
1.34895000e+04
1.34895000e+04
1.34895000e+04
1.34895000e+04
1.34895000e+04
1.34895000e+04
1.34895000e+04
1.34895000e+04
1.34895000e+04
1.34895000e+04
1.34895000e+04
1.34895000e+04
1.34895000e+04
1.34895000e+04
1.34895000e+04
1.34895000e+04
1.34895000e+04
1.34895000e+04
1.34895000e+04
1.34895000e+04
1.27215100e+04
1.27215100e+04
1.27215100e+04
1.27215100e+04
1.27215100e+04
1.27215100e+04
1.27215100e+04
1.27215100e+04
1.27215100e+04
1.27215100e+04
1.27215100e+04
1.27215100e+04
1.27215100e+04
1.27215100e+04
1.27215100e+04
1.27215100e+04
1.27215100e+04
1.27215100e+04
1.27215100e+04
1.27215100e+04
1.27215100e+04
1.27215100e+04
1.27215100e+04
1.27215100e+04
1.27215100e+04
1.27215100e+04
1.27215100e+04
1.27215100e+04
1.27215100e+04
1.27215100e+04
1.27215100e+04
1.32409500e+04
1.32409500e+04
1.32409500e+04
1.32409500e+04
1.32409500e+04
1.32409500e+04
1.32409500e+04
1.32409500e+04
1.32409500e+04
1.32409500e+04
1.32409500e+04
1.32409500e+04
1.32409500e+04
1.32409500e+04
1.32409500e+04
1.32409500e+04
1.32409500e+04
1.32409500e+04
1.32409500e+04
1.32409500e+04
1.32409500e+04
1.32409500e+04
1.32409500e+04
1.32409500e+04
1.32409500e+04
1.32409500e+04
1.32409500e+04
1.32409500e+04
1.32409500e+04
1.32409500e+04
1.35365700e+04
1.35365700e+04
1.35365700e+04
1.35365700e+04
1.35365700e+04
1.35365700e+04
1.35365700e+04
1.35365700e+04
1.35365700e+04
1.35365700e+04
1.35365700e+04
1.35365700e+04
1.35365700e+04
1.35365700e+04
1.35365700e+04
1.35365700e+04
1.35365700e+04
1.35365700e+04
1.35365700e+04
1.35365700e+04
1.35365700e+04
1.35365700e+04
1.35365700e+04
1.35365700e+04
1.35365700e+04
1.35365700e+04
1.35365700e+04
1.35365700e+04
1.35365700e+04
1.35365700e+04
1.35365700e+04
1.39817000e+04
1.39817000e+04
1.39817000e+04
1.39817000e+04
1.39817000e+04
1.39817000e+04
1.39817000e+04
1.39817000e+04
1.39817000e+04
1.39817000e+04
1.39817000e+04
1.39817000e+04
1.39817000e+04
1.39817000e+04
1.39817000e+04
1.39817000e+04
1.39817000e+04
1.39817000e+04
1.39817000e+04
1.39817000e+04
1.39817000e+04
1.39817000e+04
1.39817000e+04
1.39817000e+04
1.39817000e+04
1.39817000e+04
1.39817000e+04
1.39817000e+04
1.39817000e+04
1.39817000e+04
1.40820000e+04
1.40820000e+04
1.40820000e+04
1.40820000e+04
1.40820000e+04
1.40820000e+04
1.40820000e+04
1.40820000e+04
1.40820000e+04
1.40820000e+04
1.40820000e+04
1.40820000e+04
1.40820000e+04
1.40820000e+04
1.40820000e+04
1.40820000e+04
1.40820000e+04
1.40820000e+04
1.40820000e+04
1.40820000e+04
1.40820000e+04
1.40820000e+04
1.40820000e+04
1.40820000e+04
1.40820000e+04
1.40820000e+04
1.40820000e+04
1.40820000e+04
1.40820000e+04
1.40820000e+04
1.40820000e+04
1.41036300e+04
1.41036300e+04
1.41036300e+04
1.41036300e+04
1.41036300e+04
1.41036300e+04
1.41036300e+04
1.41036300e+04
1.41036300e+04
1.41036300e+04
1.41036300e+04
1.41036300e+04
1.41036300e+04
1.41036300e+04
1.41036300e+04
1.41036300e+04
1.41036300e+04
1.41036300e+04
1.41036300e+04
1.41036300e+04
1.41036300e+04
1.41036300e+04
1.41036300e+04
1.41036300e+04
1.41036300e+04
1.41036300e+04
1.41036300e+04
1.41036300e+04
1.41036300e+04
1.41036300e+04
1.41036300e+04
1.55887400e+04
1.55887400e+04
1.55887400e+04
1.55887400e+04
1.55887400e+04
1.55887400e+04
1.55887400e+04
1.55887400e+04
1.55887400e+04
1.55887400e+04
1.55887400e+04
1.55887400e+04
1.55887400e+04
1.55887400e+04
1.55887400e+04
1.55887400e+04
1.55887400e+04
1.55887400e+04
1.55887400e+04
1.55887400e+04
1.55887400e+04
1.55887400e+04
1.55887400e+04
1.55887400e+04
1.55887400e+04
1.55887400e+04
1.55887400e+04
1.55887400e+04
1.55887400e+04
1.55887400e+04
1.55145100e+04
1.55145100e+04
1.55145100e+04
1.55145100e+04
1.55145100e+04
1.55145100e+04
1.55145100e+04
1.55145100e+04
1.55145100e+04
1.55145100e+04
1.55145100e+04
1.55145100e+04
1.55145100e+04
1.55145100e+04
1.55145100e+04
1.55145100e+04
1.55145100e+04
1.55145100e+04
1.55145100e+04
1.55145100e+04
1.55145100e+04
1.55145100e+04
1.55145100e+04
1.55145100e+04
1.55145100e+04
1.55145100e+04
1.55145100e+04
1.55145100e+04
1.55145100e+04
1.55145100e+04
1.55145100e+04
1.52708700e+04
1.52708700e+04
1.52708700e+04
1.52708700e+04
1.52708700e+04
1.52708700e+04
1.52708700e+04
1.52708700e+04
1.52708700e+04
1.52708700e+04
1.52708700e+04
1.52708700e+04
1.52708700e+04
1.52708700e+04
1.52708700e+04
1.52708700e+04
1.52708700e+04
1.52708700e+04
1.52708700e+04
1.52708700e+04
1.52708700e+04
1.52708700e+04
1.52708700e+04
1.52708700e+04
1.52708700e+04
1.52708700e+04
1.52708700e+04
1.52708700e+04
1.52708700e+04
1.52708700e+04
1.55393300e+04
1.55393300e+04
1.55393300e+04
1.55393300e+04
1.55393300e+04
1.55393300e+04
1.55393300e+04
1.55393300e+04
1.55393300e+04
1.55393300e+04
1.55393300e+04
1.55393300e+04
1.55393300e+04
1.55393300e+04
1.55393300e+04
1.55393300e+04
1.55393300e+04
1.55393300e+04
1.55393300e+04
1.55393300e+04
1.55393300e+04
1.55393300e+04
1.55393300e+04
1.55393300e+04
1.55393300e+04
1.55393300e+04
1.55393300e+04
1.55393300e+04
1.55393300e+04
1.55393300e+04
1.55393300e+04
1.54449800e+04
1.54449800e+04
1.54449800e+04
1.54449800e+04
1.54449800e+04
1.54449800e+04
1.54449800e+04
1.54449800e+04
1.54449800e+04
1.54449800e+04
1.54449800e+04
1.54449800e+04
1.54449800e+04
1.54449800e+04
1.54449800e+04
1.54449800e+04
1.54449800e+04
1.54449800e+04
1.54449800e+04
1.54449800e+04
1.54449800e+04
1.54449800e+04
1.54449800e+04
1.54449800e+04
1.54449800e+04
1.54449800e+04
1.54449800e+04
1.54449800e+04
1.54449800e+04
1.54449800e+04
1.54449800e+04
1.54603000e+04
1.54603000e+04
1.54603000e+04
1.54603000e+04
1.54603000e+04
1.54603000e+04
1.54603000e+04
1.54603000e+04
1.54603000e+04
1.54603000e+04
1.54603000e+04
1.54603000e+04
1.54603000e+04
1.54603000e+04
1.54603000e+04
1.54603000e+04
1.54603000e+04
1.54603000e+04
1.54603000e+04
1.54603000e+04
1.54603000e+04
1.54603000e+04
1.54603000e+04
1.54603000e+04
1.54603000e+04
1.54603000e+04
1.54603000e+04
1.54603000e+04
1.51233000e+04
1.51233000e+04
1.51233000e+04
1.51233000e+04
1.51233000e+04
1.51233000e+04
1.51233000e+04
1.51233000e+04
1.51233000e+04
1.51233000e+04
1.51233000e+04
1.51233000e+04
1.51233000e+04
1.51233000e+04
1.51233000e+04
1.51233000e+04
1.51233000e+04
1.51233000e+04
1.51233000e+04
1.51233000e+04
1.51233000e+04
1.51233000e+04
1.51233000e+04
1.51233000e+04
1.51233000e+04
1.51233000e+04
1.51233000e+04
1.51233000e+04
1.51233000e+04
1.51233000e+04
1.51233000e+04
1.71751100e+04
1.71751100e+04
1.71751100e+04
