A
8.9648e-01	5.1762e-02	5.1754e-02	0.0000e+00	0.0000e+00
3.6136e-02	9.6386e-01	1.1441e-12	2.3380e-284	0.0000e+00
3.3560e-109	8.7198e-59	9.1975e-01	8.0249e-02	0.0000e+00
0.0000e+00	0.0000e+00	8.8688e-29	9.6232e-01	3.7682e-02
0.0000e+00	0.0000e+00	2.5072e-202	6.3052e-86	1.0000e+00
pi
1.0000e+00
4.8631e-130
0.0000e+00
0.0000e+00
0.0000e+00
mu
2.0445e+01	1.9180e+01	1.7043e+01	1.6060e+01	1.4287e+01
2.2000e+01	1.9180e+01	1.8427e+01	1.6267e+01	1.4287e+01
sig
3.0000e-01	3.0000e-01	3.0000e-01	3.0000e-01	3.0000e-01
3.0000e-01	3.0000e-01	3.0000e-01	3.0000e-01	3.0000e-01
w
9.4824e-01	5.6028e-01	5.9851e-01	4.7820e-01	8.5031e-01
5.1758e-02	4.3972e-01	4.0149e-01	5.2180e-01	1.4969e-01
