A
8.9474e-01	5.2632e-02	5.2632e-02	0.0000e+00	0.0000e+00
3.8462e-02	9.2308e-01	3.8462e-02	0.0000e+00	0.0000e+00
0.0000e+00	7.1692e-02	8.5662e-01	7.1692e-02	0.0000e+00
0.0000e+00	2.9334e-130	3.5146e-55	9.5842e-01	4.1578e-02
0.0000e+00	0.0000e+00	0.0000e+00	0.0000e+00	1.0000e+00
pi
1.0000e+00
0.0000e+00
0.0000e+00
0.0000e+00
0.0000e+00
B
1.0000e+00	1.2203e-48	1.4092e-61	0.0000e+00	0.0000e+00
1.6104e-54	1.0000e+00	3.2329e-52	0.0000e+00	0.0000e+00
1.9195e-56	1.4597e-42	1.0000e+00	3.0553e-59	0.0000e+00
0.0000e+00	0.0000e+00	4.3716e-02	9.5628e-01	7.9687e-70
0.0000e+00	0.0000e+00	0.0000e+00	1.7624e-59	1.0000e+00
